Trial_Data_mixed
9
V1	1	.01
Var2	2	2
Variab3	2	3
V4	1	.02
V5	2	2
V6	2	3
v7	1	.03
v8	2	2
v9	2	3

  100
   2     1.28  0  0  1.24  0  0  2.39  0  0   1.24
   2     2.26  0  0  0.52  0  0  0.30  0  0   1.21
   2    -0.21  1  2 -1.17  1  2 -0.70  1  2  -0.54
   2    -0.43  1  0  0.01  0  2  1.46  0  0   0.21
   2    -0.57  0  2 -0.27  1  0  1.71  1  2  -0.16
   2     0.07  1  0  0.85  1  1  0.43  0  0   0.63
   2     1.30  0  0 -0.28  1  2  0.22  0  2   0.40
   2     0.07  1  2  1.49  0  0  0.64  1  0   0.50
   2    -0.45  0  0  0.32  0  1  2.82  0  0   1.15
   2    -3.31  1  2 -2.84  1  2 -3.31  1  2  -2.27
   2    -3.48  1  2 -0.95  1  1 -2.54  0  1  -1.21
   2     0.32  0  0  1.47  0  0  0.92  0  2   1.37
   2    -0.01  1  0 -0.18  0  0 -1.09  1  1   0.13
   2    -0.01  1  1 -0.68  1  2 -0.98  1  1  -0.21
   2    -2.98  1  2  0.54  0  1  0.15  1  1  -0.26
   2     0.57  0  1  0.41  1  0  0.94  0  1   0.61
   2    -1.21  0  1  2.05  1  2 -0.05  1  1  -0.49
   2     0.54  0  2  1.04  0  1  0.41  0  0   0.80
   2    -0.30  0  1  1.83  0  0  2.35  0  0   0.76
   2     1.08  0  0  0.82  0  1  0.85  0  0   0.60
   2     0.90  0  0  0.67  0  2  1.31  1  1   0.14
   2    -0.53  0  1  1.13  1  1 -0.44  1  2  -0.47
   2     0.74  0  1  1.52  1  0 -0.38  1  0   0.75
   2     1.46  0  0  3.43  0  0  2.68  0  1   2.01
   2    -0.85  1  0  0.50  0  2 -0.30  1  1  -0.15
   2    -0.46  1  2 -0.26  1  0 -0.81  1  1  -0.18
   2     1.58  1  1 -1.59  1  1  0.37  0  1   0.18
   2     1.42  1  0  0.79  1  1 -0.09  0  2  -0.49
   2     0.76  1  2 -0.33  0  1 -0.06  1  0  -0.40
   2     1.26  0  0  2.93  0  0  0.99  0  1   1.99
   2     0.29  0  0  0.26  1  0 -0.58  0  1   0.16
   2    -0.21  1  0 -2.37  1  2 -0.54  1  2  -1.53
   2    -1.51  1  2 -1.43  1  2 -0.56  1  2  -1.14
   2    -1.13  1  0 -0.34  1  2 -2.57  1  1  -1.15
   2    -0.21  1  1  1.10  1  0 -1.54  1  2  -0.35
   2    -3.54  1  2 -1.23  1  2 -3.64  1  1  -2.37
   2    -1.58  1  2 -0.10  1  0 -2.09  1  2  -1.20
   2    -0.79  1  2 -0.09  1  0 -0.23  0  2  -0.36
   2     0.74  1  0 -0.48  0  1  1.18  0  0   1.00
   2    -1.99  1  2 -0.79  1  2 -1.45  0  2  -1.29
   2     1.99  0  2  1.83  0  1  1.38  0  1   1.26
   2     0.59  0  1  0.32  0  1  1.10  1  2   0.34
   2    -0.33  0  0  0.41  1  1  2.31  0  0   0.85
   2     0.38  1  1  0.60  1  1  0.00  1  1  -0.23
   2    -1.45  1  1 -0.42  1  1 -0.24  0  2  -0.42
   2    -2.16  1  1 -0.71  1  0 -0.59  1  2  -0.93
   2     0.00  0  0  0.25  0  1  1.89  0  0   0.34
   2     1.37  0  2  0.67  0  2 -0.26  1  1   0.57
   2    -1.14  1  1 -0.98  1  1 -2.90  1  1  -0.91
   2     0.67  0  0  0.12  1  0 -0.61  0  1   0.41
   2    -0.42  0  0 -0.16  1  2  1.75  0  1   0.06
   2     0.45  0  1 -0.82  1  1 -0.75  1  0  -0.27
   2    -2.20  1  2 -1.70  1  2 -0.01  1  1  -1.59
   2     2.49  0  1  0.65  0  1  0.15  0  1   0.89
   2    -0.84  0  2 -0.09  0  0  0.95  1  0   0.04
   2     1.60  0  2  2.44  1  0  1.64  0  0   0.75
   2    -2.29  1  2 -0.58  1  2 -1.26  1  2  -1.89
   2    -0.84  1  2 -1.51  0  1 -0.88  1  2  -1.18
   2    -0.18  1  0 -0.01  1  2 -1.37  1  2  -0.70
   2     1.25  0  0  1.15  0  0  0.87  1  0   1.37
   2     0.47  0  0 -0.83  1  1 -0.14  0  1   0.23
   2    -0.88  1  1 -2.62  1  1 -0.68  1  1  -0.52
   2    -0.21  1  2 -1.03  1  1  0.97  1  1  -0.40
   2    -0.95  1  0  2.06  1  1 -0.96  0  2  -0.31
   2    -2.07  1  2 -2.12  1  2 -1.94  1  2  -1.76
   2    -1.60  1  2 -2.53  1  1 -2.68  1  2  -1.32
   2    -0.11  1  2 -3.65  1  2 -2.94  1  1  -1.44
   2    -0.82  1  2 -0.79  1  2 -0.71  1  2  -1.46
   2     2.12  0  1  1.14  0  0  0.17  1  1   0.16
   2    -0.37  1  2 -0.31  1  0 -1.57  1  0  -0.90
   2     0.70  0  0  2.45  0  0  1.33  0  1   1.37
   2    -0.58  0  1 -0.82  1  1 -0.37  1  2  -0.07
   2     1.85  0  0  1.18  1  0 -0.06  0  0   0.97
   2     2.10  0  0  2.61  0  0  1.37  0  0   2.35
   2     1.09  0  2  0.57  0  1  0.85  1  0   1.25
   2    -1.43  1  1 -2.45  1  2 -0.35  1  2  -1.47
   2    -2.41  1  1 -0.74  1  2 -1.36  1  1  -1.01
   2    -0.66  1  1 -0.11  1  1 -0.43  0  1   0.01
   2    -0.26  0  1 -1.95  0  2 -1.21  1  0   0.18
   2    -1.72  1  2 -2.62  1  2  0.95  1  1  -1.51
   2     2.62  0  1  2.03  0  0  0.40  0  1   0.84
   2    -0.23  1  0  0.09  0  0 -0.66  0  1   0.39
   2     0.79  0  1 -0.96  0  0  1.46  0  1   0.11
   2    -1.91  1  2 -1.91  0  1 -1.52  1  1  -0.99
   2     1.22  1  0  1.12  0  0 -0.99  0  1   0.30
   2    -1.60  1  1 -1.33  0  0 -1.75  1  2  -0.43
   2    -1.43  1  1 -1.98  1  2 -0.89  0  2  -1.23
   2     2.34  0  1  2.64  0  0  0.61  0  0   1.52
   2    -1.13  0  2 -1.06  0  2 -0.75  1  2  -1.47
   2    -0.88  0  0 -0.59  1  2 -0.50  0  1   0.37
   2    -0.56  1  1  0.36  1  2  0.00  1  0  -0.16
   2     1.43  1  2 -0.28  1  2 -0.90  1  2  -0.90
   2     1.48  0  0  1.45  0  0  2.39  0  1   0.91
   2     1.60  0  0  1.72  0  0  2.01  0  2   1.09
   2     2.88  0  0  0.74  0  1  1.64  0  1   1.40
   2     0.90  0  2  1.14  1  0  0.14  1  1  -0.05
   2     0.20  0  2  0.09  0  0 -0.35  0  0   1.40
   2    -2.19  1  2 -3.21  1  2 -4.03  1  2  -2.71
   2    -1.23  0  1  0.75  0  2 -1.99  1  1  -0.13
   2     1.20  0  1  1.91  0  0  1.13  0  0   1.14

    0.000     1.000     1.000

   0.000   0.000
   1.000  -1.000

  -0.167   0.333  -0.167
   1.000   0.000  -1.000

    0.000     1.000     1.000

   0.000   0.000
   1.000  -1.000

  -0.167   0.333  -0.167
   1.000   0.000  -1.000

    0.000     1.000     1.000

   0.000   0.000
   1.000  -1.000

  -0.167   0.333  -0.167
   1.000   0.000  -1.000

      77777777
